6683439711596033246
7864481324381512219
7697304282063596008
7417386642214095595
1797715502060420146
9192188724016714037
4104777465399802017
6885042999472010130
8500140750218701350
7871570013001846818
8617888306659980486
1718727275167667274
5160776649849150728
6837689791089861503
4928943206444754317
6348940604939977925
1394073251507532680
675111174302577099
8628142529824610099
8349846600115061633
7560003994490493916
6581684043596122222
3247352011807773059
1124089988827815850
8222830968208471163
9053329950318376321
3214995968201379830
3892040916056231356
235464117677457524
6501990121919845044
6966313127049678583
7395751103144824233
4096777601657826738
4786241549004096788
3365696799884801617
7653185417131699739
798434012228861832
4119084654166118609
1477702178361324115
7389370830615897025
6355182089150613691
8803104428932625912
7625098490412169183
3772417901197682778
4493366786595066999
4322220043617852217
4801881331030137177
8444941598038306211
8057946992568693665
7772621553104673943
6334323978299169660
7512841109531411315
6306265204291475814
2805899693481089936
3410010607473163912
6981711378790718500
7257181518553684760
7786546656634791266
7378097685247964760
115933246581752313
792394941949061326
3235225173110425955
5069120593629641290
3513925115766719086
808581809791125618
7707268884011918119
6260227737486036568
2854619546329055127
2697828221485688197
3706484991934119587
4922909378703260371
4032130343693795067
1010952027444683409
6577751323711537732
8601518843151243868
8184172013920348977
4366144869215389549
6767365677834408250
5736734845935404690
8015556836860958218
7084863635012021787
8945844527451890384
5010761008513100763
821037205116386505
4938412324285779845
5964426485311315189
2965771049754945469
2650545229434855175
395361009948700957
5390802379594462026
3397127063235054662
1374136001099701601
7112136771815587698
7664794231059787715
5990450643305576878
3878719374536383120
6173107933300263040
8275852127127473788
6621647170752350446
9099848051664254249
4395948569386972573
8175517640484567428
4293275613902312530
1521721449912598970
1062812992893953260
7321584771272388411
49370813759958167
6295749272624805674
8383948769312291593
4716023803930980063
2647012021961373790
3069138477185801161
6373426917299785205
7869437058046021579
3763839811734601836
1099677092476212416
8429287028872044392
1211500363170072669
7725620275454843703
4549564128947983216
3443555806985335762
6114358120818076025
2160706823467634117
5951540867993917739
3370803315129907930
5491423417975790877
7105579448872175636
8152929183198566332
3729768236641448688
7460458720590068286
4807599305926761841
1761151706846284908
1019935324089067524
254457076018646668
204903803786641000
5765956643375207106
6913700138961851493
1931122272858502371
6278010120716175748
8104043724316151013
1119034609077609793
1301286773605976093
3731932011742359245
3603386616901996182
7606803266569100909
4459779276264069069
815357198745629729
1750335146929556500
1150008853183308815
1811310412303862659
2926893349516902274
6718147106966671002
8959888148601257089
2622087259136322715
1427586010177849356
6139123444234563755
188730433729940235
119005978331958522
40225239878070070
3893958974928501172
236917636951396674
1112008138006267930
155377948694981816
4762079562427008908
1733903151073914735
8582161512414807766
4384750509436006472
1903504057323364386
8928032541764432382
6235874918645068133
3452806450494054849
4651468466415782732
790802940280506954
5770086363910814504
8873483376254353968
110409192576034442
705480585346128015
6046234809465486869
846479063477117390
2755668875591020118
519485931272553100
3769030246421925900
3014963201630616557
995453733031921823
6959714771208523845
4512919986213942998
5377086591460592198
5615179924502470597
5679927996588179725
6106316153726203754
2983063904621006512
5576301922636632513
5866437971153858610
8571878185082843140
1105588680566411664
7290071901321034520
5776792575858101537
7990120684247729616
6522106552779871494
1115022216430048521
1850046826227641320
2547473490992896228
1145732638746382047
5044855145600101450
3951520496690540227
6189059528281656945
6438161094972031327
1040907253267148536
7533208271085887975
4812346761017820999
5227509909611691115
2495243290202128059
4697547175700587000
5037339160098436083
6376696656329361604
7996141946083076106
2201177217441780107
6358591649788104229
2841319544813580013
7708516116179215331
7819214460149909524
7636498895727172267
6357924355212959312
8664268816979373596
6960320489631219823
878781265104574182
5861791758172924305
2603974144838998222
2790947395032891191
5899064795570147611
4176932759251186552
1219491907546622845
6693177831174001527
6153917835426782409
166943329656966590
6731637436774163530
1604553132366382770
7657581435857631110
5353474267197957383
856031169162854762
8953581705155733570
7943286493181003001
1618694878635013785
2917910260384698675
4899099368677771390
7524228890815097317
9125575992501072752
8848050895759049803
6360744010081257777
8401494964023896664
262874391757791584
2415455499997437010
1950499956521718901
6757998635721340818
232431460046784826
5492521031614997428
6670051173322511974
1878464041298557783
3617481700598104729
396273006348992846
8809171405754805327
5030307488220023562
3688744213355178451
3326615222571003816
314024477530105691
5196588616512645267
5028322909985617271
6840060529154041620
5986684109275423873
1082446861554537544
1763552243471524432
5335856319608555023
8844292033544634339
1854181990723405565
2061282030583381474
2898610906241099302
2226210794922708635
5735652105603773681
811712220628013529
8974935455952951331
4792313896528729070
7929807145294854121
4454340923069117420
6149722073864968988
183778574767013625
3152468266157463748
4065289264545696160
46049591552064172
3064368951409832939
4252351732045545018
7061614458006994255
4922634695801355491
2027620509126685042
2875424523775672720
4191777856125672057
28285047003660123
3899346500809574064
4248080075265616976
1888026990938845384
1807455916097130425
6376789924810028693
784290367918799575
5234018799073031178
1795873832610407742
8924390630417585680
1216477822265597124
3666128369376601945
1423406504933149210
2278951288323361567
6033114625304507070
3665287312032639195
7545223921025083189
5636915942038241409
8122369860605317476
5368005217231943265
7889151013743098133
5920986662109518843
8719282240107552325
7282467387493456243
6841610361341268970
3421634324435201088
2100215183563303416
7959895264978481691
1848709883354643084
797345804603654539
1745655508349961801
6480377300611874250
3759937653141093684
3921763911023999183
2103582475422898481
4100026930762314849
25239498918960896
6080525115025881691
607202572707690897
4514430427202083354
3340250365391014807
118968361650265987
2788842794139729799
6329823433880836147
9009148545943489457
6618770965601207083
6583037100617627636
572036463761338802
5927841180250389099
993782582857171443
3890716220966133758
8190857524656970878
97299850904747292
2384842815012020740
8192331964870499838
3781468806926050290
6171311872287391906
7771025011065834582
2995263959778631586
674380996921157698
4423207353170273343
4910771330390077909
6886643143606497531
6091093619142206732
5777659249459055682
2975505084059332680
8138718025522899783
8428003946711482884
7226355664231444904
831219310176322710
3359030085408479210
1842612938852355374
1107526323856261394
1236949399599337447
2670987556358421692
4147997089140031197
1237627677192412517
6821337336957791485
6646893231799111071
6577016655246002162
9123922127963245617
1562323914418314596
7017233724917886023
6414239122520796432
7830465953955125625
617358930807959174
9131493288761497173
8932233185691353803
2202317820326277246
1866751143420021500
2939016510459041128
8472175511436053847
7508044955719423973
7969813785067868698
5878605119004362844
7039053699840066480
1483172735540281670
6784567673604799674
8638936967105100049
2499472236307215311
1695180601998924713
4048920564557339139
4946754168023537068
7757392270068871750
2817845389965579153
6928656066017867915
942424320191081404
2726472191059103426
7855400612273307119
4421076853444461621
6678047603719013698
3640719262673223394
3977911638900673833
4600023479473272914
2948031994814378962
7279180022518413937
8209809473027804868
7562369804374149813
1382126220677291002
3715764165891964918
7773322862967503081
6162473548047584637
3916573032660637452
7912271334593645185
6206010270408100817
3149630113029463385
1051770836146814333
2535069948937524398
2833569269533501788
4627695495187594839
3611067095382243222
7410431040811934124
1134556159460142560
5989845544100649009
2096388632796790536
8603928967636002041
2837441814426972205
8484455924677844510
2027850265643373633
4942171795730614880
3128734184640036984
4982087166034447830
3781453194568178609
7062438069916931793
9133675637826413811
2662171506667649919
1342281633576387584
7962140695076591146
824762414171502497
4578216237019378221
2907657478888338045
4726500888578632911
6886301748925525629
8157913726174964356
5016850533731397553
6485904852506879062
7269495348690648618
4385412642738673172
531683640834962987
3741132646886091231
4399534455530748558
2143396909951025820
7582038089873538873
5210847549363032678
7617805652159012891
8093746390062840615
6571227163552113015
2918161636555359964
5996400854315970101
1559515418748478117
4962893610699296794
1922151065679661881
202084182151197544
4143243143985394040
8564454002532883531
5714055432142174070
8191731546222592969
6826674001606938325
4432691126339070436
2758908681446397908
4341542699896217005
1178851730637948310
3799765628145448580
102385685159921429
279282330034320998
6643576323940781350
4342196529932478183
2066101648474681775
565087388097732534
3894106839039054008
2042225638621265319
1652161904192171433
3267000302432598756
6193378980956852895
3548116918162353909
86746297496335570
9216388752236876735
5761652937487050410
9035727189823102683
8287879318346396848
6627055980933079604
6306712867778008416
4405268198441994064
4518551118211101334
4203399793593929073
7147781789296646554
3931856067019892009
8623662631539552724
7325081653523035034
5827079641711839968
3925153646551470423
6303840204545289014
6995651679542396526
190323374153897725
7021417956346118239
7799067958278141831
8587991459056839513
888518913903133014
2529486907803401153
5860691712436760348
7636904972428591319
175156627261201240
8392418766437940609
8900484724516242608
5200477395307886824
3358188302447169316
4332051551441216194
3514491911762796212
1093695798485039335
5608911475421490709
3489318435913151906
279536318014301175
8484688389293868746
1999551173638090508
794960628657198125
6243195636987751190
6921517880116053003
7000066366813273634
2538066337552497281
2845212260040546737
2352622429178860103
998181187614042073
9166088138110034581
6255846608268626109
1618511173929840012
5134804917687140785
5168116709551130126
4039864240278548187
4750058168582875869
7362469312969117029
1895730788821537550
1148462708732929670
1044231278641807559
354417555664632333
5938071082588990898
442721577302262095
6806999292852493628
2935785785482663823
6761028694175134861
6501275785842408367
928185486819109554
4486438206107715535
4479454739995184299
8744729496402331477
408105574949268472
4601045702596628784
2311714640117415104
92222300121830744
1605798090965841731
5331338808198314953
8063504703282959593
1690026605030798389
7217240323432132816
1714025635942428829
3712443368432217145
4657071793821737871
2661914636842084324
5599271808916911595
8649752627126934870
3824978280010646289
8804528381246594974
189066982219396893
5733439001811264258
4005034917657535413
8642473186948950771
2346478694231702687
2975596285283149252
1272938077879000947
4923210104839407506
6680462101750332590
3948219020774429126
616848974013691615
5534375609405173671
8560654511682208325
2414364681408042830
3656893453108424746
4591552487529029789
5053464265498740093
6578869802867363817
1662340867325854577
1835884381052314929
7395520763249952331
2752364534920734556
5243719985672085100
2047565253434717671
7843991956801743073
4905024493691696998
7938311402402787642
6035591903915102023
3640691930821691086
4325899032228275595
4047751879009832459
1636540420114763010
210201997094226684
3606845801892359819
668270452833628285
8777140669464736313
5593691280014893951
3990451628242915759
5828822209741030468
6861628065850983206
2640241329592408570
2863236896470827254
6776421259555796358
116767472285041430
6517675234464767197
920453519759412984
4149857197002620559
2987502412992022187
3082161821033055679
8540421896740679751
1355304478480362763
7053778232832826353
5887223554134211356
289557805008614824
7151518464030964624
5224547782602636125
103347772363363084
5557941812556441587
7039847228483362952
4259563967047873607
7809628059988822681
8004648235865179016
8225892731160322241
4563034774205868701
2232960896011942957
2776540622649153279
4465146717428245560
4244728816444590797
9209296282508971786
7977833193722120286
7556092149566861037
7522719327340017818
4880756273153704046
6756822355557817505
4947469767442842880
4617609916032803027
4350531880153283492
4776157366209141048
8061841983217736054
1230196437094620714
8976994079712608406
2790239080350611085
1903888423209836650
8148191427457460492
2195618469127341724
8178234081104825781
5118513727218267924
1486432097487696192
139195006440122338
4951676007239998844
8352687856318543848
4774461650539758699
6801774130985534862
6154931732784620027
2582835927545857727
1370471243511643662
5908407862917108362
5888208645665419070
1348787524024128721
322566983185698844
5268070701495698624
6797536817471972731
2593667947579518727
1665658972581902866
4689224091262668228
2928036139975422506
7849188800836336898
7487431559059586252
4593994882259748396
5735408066306050084
4024404742995774142
401839210023369458
2537083400010061303
754842301954296577
7663085012547281755
3174955586541442045
824215168427196861
4871513446041537269
2554654278944437861
8496421369772862930
5237494905896032587
8214737927613046712
6168957931009119231
2395832525632482811
6757870828269906704
899307829544507777
944637494382223820
3285990426860871334
7286969544308726767
959839905751394343
1773639105520138027
4610482697450300988
6329612115050238763
869543512749526776
7208495108732890922
5760948789812710467
3130631110662963591
3451658398539383190
6354684390696477499
8887961163272608673
1888352999008605471
8337119026729543187
4221993101404103167
610179318025062372
39216096307885472
8498116392374151308
7920170434667431280
1965299272632708964
1378697280394604776
1265618610637581037
3456053141132037449
1692153917548331871
7264012405039285308
2830400295894991171
4921075489358259540
3757114688009650296
1527810158339828509
5946105847311539080
3458711953804304613
3865357005910039320
6235118073650016537
2565552621644171571
3866466404918650506
7622386636643955186
3255529677892131192
4062230731207394653
5483984120139600
4477931878730834188
297174392475831453
2762305290001655983
3770504945765722143
8765929297122073273
5717760307918264029
2701389415626689949
5850161806531851208
8793886437290436802
5926529487395190451
1684902528204090288
1682623430929413870
3739917446514878410
4424696078185405365
4176187296285876169
8386988025828074706
5264926759587915419
1029125155509056099
1465286275764753495
4700269796260826017
7913759079224327606
4837804871781558294
5885248050417213430
935818533631578772
5406081551047896454
7488376508238774023
4428260061773243447
4086890239239418553
300801895708431121
5524753160817739441
3326149252525184486
1288202826633668358
529056373509798958
6285871402807735708
2702986659699355221
3974567876313474944
3990616111728439349
5304607304018740706
3276091231580992361
5482909013448062669
8874423024112285548
4914206103007449436
4747862540420950715
4555910915186470006
4087314967225140907
5607836842563458105
6910564237777918336
1587134663811867443
7837088312854703111
510514751222603668
2050417316968336363
7082347294857738059
971885346106284058
6289341418230578412
7149437811332174678
2127696850803300158
6553226827756340115
4299056453788262399
634263973994023691
3623698361946830959
5632555149086212539
812274617602182945
8224722578209694815
7568510698435714580
4383980082654528789
4329142361723331146
90790192085623130
6548271011591455438
619724608417898564
3364442872747431052
6018715085918204433
5201014970870681771
7224566982196669103
2027285285976220556
4860718496697583048
2181243968866076294
692175502587274845
773087790518569586
1365870486174108685
1962125243407547395
1797568538023818712
3571333910616045605
7603165759116056120
8211476063051261948
114665638868834532
7268650736056013300
1681216615955485064
8804928064873783502
936881525387867393
3863766124474092262
9071617941008867317
4202334849733625825
8207643468042815617
8840781596515913219
6345513095348992378
2908147003284868474
7549999503638321273
5956108307483347741
6765448675402266327
8865091066671009018
2012166584748005813
7815956605683638352
874924258512137182
4562420600615879110
6656418072837985097
5824020880516984214
3059134835421079574
4817728676236071703
6055280975818673902
3614614685374152135
7474668843642546958
1824602653094504341
8755414785037720404
8082848474906633810
4226904563789756332
4916338528429260824
7553117460318499057
7680218753571940864
670423010379264032
1541750635438006152
3811031517850331618
2057547575928694497
6154895883163440781
6723574649748004495
5475948433468065826
8007884928220947574
5770316677278061920
809264976966201362
2117135735877457542
2689017862859686328
5921125592735137758
3677163843325377663
5678108566501012392
123529799601768078
8142652940419277473
3201163680447060500
6350529868483595705
7772774736857704477
7368633974180785752
4637114855274045216
8366945851651222517
9178844869906351205
3740138344804498750
9148413304675062914
7798124223878783448
1394500018108857611
1150533485853095248
73538120597650046
4267416836126157681
1332443554837651733
1058478894763274993
6760266364538887127
8503486391984027197
671118333589478206
3636946660091917420
6783825711062501141
7318551164829183613
2099208631848165319
8756803601089461344
3927753210845925
5727414751856021196
2412424248441903483
9023254727596884114
7301429206420545092
1075549307539754613
5080352206221843358
1490093721345275840
4241124642103361086
8252947913169016422
4089944174186877027
6316021799661629559
24368146656387652
4962162715375813980
5068059717033969450
795661298628134979
8374931713581030895
5639515442067797954
4319733426437179396
4024238411911535566
8343279265050578914
7596038895070402731
495873696796293435
2791544542883031797
4861358370007685529
8959455125689758251
2442254838392180344
7005369940726704682
2006243456242653686
1522659937317465888
1254926915556730301
4843385418277352028
7183629963383672304
3451185367447875465
6345219482033223951
4909762803815322972
3156043663298232187
7025696801805051431
8876922154863755231
6827469687555565824
7979220743041151109
186350046907665943
5933419073953659550
4206392569733511955
1633830048852375693
2293937966686416508
4232563503657212737
7048749972563394371
8770257964640157353
5404604923266191905
1296853916948529033
3081496504214167001
2574273060277758366
4792306158439016414
1017509408062949051
731219227836407741
7204831794017602791
4516135075148836656
8768098261028003282
6154207176141876489
6469227493525698856
3937621358423188260
1620344631988637261
3909434387989611693
604331334005929761
3584258735222179314
1718421618518380601
6992654665674850252
5138947855525291981
4785065120321612745
2168056494113964981
2259665405931490290
6327943484744738449
4074916490877559467
6161796283700628303
1479468137844500610
5820440394610385701
5341408429679885128
76033134509294663
6676199786623802699
4455299902226097781
2685749360645378006
7393886766027697201
1020400442347996611
3710634590609428815
3969829480019668100
336171181144500152
4459559363204673317
2486147424021838362
290248165161661920
7228871060029118580
1117266872009190937
4144235581384554485
4457182417841856879
5485320584611842812
915340612109049991
1332739188959932188
5085055820699527932
5581786976681927779
680509203901166677
3687533703124905478
7656226587964408291
8534877946592359325
2581013082624697969
9129670077006955798
8515013177627092528
6642532602062889069
420498023924910979
5154196129041675902
9111062715383781969
7396745767672098436
233156178539013415
1826834849695390537
5591636110047703954
6715424311677756257
4958940892307291832
4119286364161376401
7407082961833152807
1907100312535801833
4576257520987689348
8909525966236159894
2456337671897719807
3780566265495291472
6907239563718623778
7966621301149363409
1798257883227654195
8220712108694894233
3475638940991768579
289752577748101263
4185785660399337528
5421995241834298
5927943557029903089
6767446310585988087
4451713676198479891
2940911557799066344
8451217928299662550
4279780047630255113
2594337046831690436
3644088767195254560
8621998032755724423
4856096592608180785
9164912316526867909
4744669028130650548
3702687191220020062
6638663942815238638
4295933743477105688
3866681488317644086
6630408151503614059
8341926000969194895
2176260236642013483
4023123225391450243
4500272719603764265
905366099581833284
3630617409035608935
3592180489611866013
8652895137297850199
3179394804804578379
2836818918478169065
2909145288444660863
5039549432515092551
5585891942651293415
9161289331583688631
5345022769686827443
3307299329036434458
166820451894905963
4618337768460676561
710127241976268057
3545078438413758813
7992276595937002689
8238796032660384761
8300278272569303825
8072464899216698495
8460080966322644908
8560488026836282532
4222432068856004274
2221950942382847840
9173725406276816617
6386065878018519811
8835934589916744368
5386046969282912475
2876056797210034862
4881411770121650020
6051635442886811159
8341017137042770550
2657480756280422233
7679838158144470771
3918086563936222218
2344512958778576114
7770729206936482486
3376401855850705434
8321451002577411231
7938912264003314777
5531039053881188252
8193218805740892974
6083476460665188813
794931018895521904
861277823363315054
2376492681233260633
3433957829309820861
4565706399115734603
8948148814986896059
5007453297558031298
1965553144229566599
7491934001429503210
8591515829369669805
7498220630478487638
3549224075696890878
5678080481409743581
6889958006810645645
5797323538181112450
8890382857541948603
1589267063108423867
4309063612248550842
4978410074206158366
2938120892615749044
3164833257214162797
6546427311504049220
4854070961451977603
6940972391537341629
4834700063853555245
7168272362234367175
8702465210913487410
7037622885642934694
4928366219548346873
8932672801708585362
9064495054538327705
3668435310914542484
560291839628126486
6903350971450826187
8992264393943573325
3047879282590604777
6118852418592643210
5251053114369934758
4547297684868976631
3417049199785755072
1997104956043785824
8076924666301404798
8774999751321929965
7249749939985568017
6125573871198210021
8456512652998457053
1621834713685080090
6572352664410902673
7589238973255767926
2911959191469504196
4883670747861445688
7953008175136749455
5820120552912374770
7625304529535855906
2666183866300567765
865047497945829020
3509797177640594751
2458145425306614239
4035103054074766720
4266217476104900351
3371938194638499987
7678184509102032443
8440957978023704418
5366895622567246859
8903548833843589277
5236223533412480003
6899815044526356543
7406444415838705568
4000928669960703759
5386029550602758883
241388325861842270
4889137369844305797
4794418141461005019
7648295082507217524
3299466353094902307
6122898799855818915
3650109751241052604
2158660291976731102
4179424102477379240
5778257346696444934
9074955889010735870
6022639650557444368
8264056668734620732
5137788609668234961
5610499410940350549
3374313326511347156
851054229182412951
3150613329985937009
7203257613296012796
1413487972834963717
2715792263186470738
8710056720716795444
3799583361058384153
3636317912827537880
4173425374578071651
7004741829419484354
1421200381248081626
6483660721762200198
5307444539219002513
1904014151299337622
1622964027440199099
6675225899493108599
5026494404397980833
4050443488191847519
8916456968343489935
9105435389103154209
6283739940811112419
5140376627926789275
2409317358934967397
3298785238223918319
1695781477135491314
4230591737947297131
6401584372777792390
1234986984185486875
5213247631644623297
4589923015250284962
7287191118269653391
7055817915537517772
1283500231810353873
5836643318333105808
5992846156065868728
2031892499415337924
7161772866705929097
1578173618685893942
3444025929203801173
2327752353630814026
5479358484162538589
888566783135631757
111532325771845302
4273054485328037190
528518501855634776
456979136341531702
6568022507750490768
8606846436117477716
6070779555056959966
3991203552801436662
3560704540159516360
3009845471982742330
7911120572730092088
2233376170231540749
5134560229878749528
8551917018834255832
5219041963907076437
6323227686036608648
2914662888094591206
6887308030135800839
5182761810473567651
1647107156101426084
8060667193508942903
5368317520113075205
7402336835177133986
3351046322148590
3044777185634073346
7235933774904438116
1100201328150247029
1235465596157479779
2577667679274385775
7511418647860103397
9100585513340509341
5869705937399155955
2510876723114603669
1002188841553813905
7887269030699864329
4433132356551335906
6173685299292373481
4849523741367325531
8235899787385469516
2082800707476851282
5783951296359036952
9145721566179148666
2747526173224251714
2512043715023503908
7954541678709298894
4108545571562414442
2110805708367658061
5938750349952681640
9109967001359703609
5385361560364742158
6786197004343565802
8409851392126046969
4953160402917421251
245563297169615730
5248242919662455218
1072662759100656905
4555902143653995466
2289488333547222714
1566222367987521760
8276839626195871667
7340896213235175481
6268541770504501407
5662697892157940111
1385588879297681380
6989782649256986364
3620664683472449955
4189450521174464616
1384430204949230656
4608181240243612834
2805792639410830805
7661826257415720211
116957352310383744
3154768067690925748
8085071083433462584
8582860471151322736
7485669317805646276
733528111069892320
155385474585494246
3293506266888667347
5796285749600255428
4624770883672770302
4552182899645585593
3380272275961135318
4813222258108122003
1457358356285637815
4120373323850703611
2450242171516624828
6018489389350111035
518242418696353625
5870939455108080600
5061139444781174645
980208052209051004
4805841145987502951
6503995605153294617
1357602631003239705
5082546712937423284
1839364571061149939
6349858971614086000
7152851317774368072
2243084295229988762
1703110587212214303
2223932442092846955
5609831311930683115
3902893373704326732
6741697217122652300
2417909068020989439
4471686999418058095
6431251371319326409
3052830301040182417
4333233608153766930
8973269023853380350
9096797322882978389
7886972620562124823
8108006441728240834
7874012451707629364
2966965397316638262
4265796024382635671
1503464718089171740
1054543711156859950
4376441258876082834
6722763087604831210
7768279028640616388
1093753960175393071
4935388054064630045
5439334342656291413
3093875759343149593
5515362980327981571
3173136510587716342
8578693386630562241
689155540607029089
2675364610935155648
480022668445456827
1743757579193282970
2049455362990468462
3554708561970521145
7267076447025062318
3977153999427972867
6739913826924811796
3212442513859058964
4586769664286115795
1239273969680131116
1486548560205422361
1473356977377736305
7274721800947909352
3955211103029922369
3180235776485400701
5118924674062946997
5460592849054606203
224203601701561625
359575085937162701
371053425410049233
2917976235731196543
2337079055797247517
4066284812758282761
3649569410508735893
728218357031876460
2855964529883631609
6903778671810227320
1559235623058556838
360244430311946756
6007727761235303118
4452473371489011685
1200192358342234239
1719796756372243260
7892462089336299294
7856047525199120087
3645850878109475365
6337218505462674972
1709715398047140230
9125446166482182704
5122828456043352717
776871732585050351
7006229944982060329
8615472196212757747
5079033958066095917
5888616551935269860
7121092542671855790
3963946163903263385
4907223927055687400
3334805538844907501
366539787360667914
8645873624187864715
8387195743354728235
8639904579914101083
188242722922156573
2124641237133152740
842382759044032822
8239336591757935351
1003650448684792760
6654993295092259065
8229047425301109312
8920093411509194141
6179564248979367041
2826616307747301766
5243516187230282257
5537181012150449293
6162714540438025086
7522776980594039946
4106100163243745666
3121270061265454602
4266213312562116734
6129076229006192850
2256895572849889236
5288348569073383550
7963955035866493833
4295139104952937678
6927163197217367813
8630012776778233102
1419294791719523671
5581085776493428309
1739472885367543041
1060098818157036037
7967864409501286734
3954081222576513198
2026303354064692182
6981679012774267435
8069044202791821606
6438745236166915585
1321307792226466550
8253428953635888193
1361523845878897740
3158033644312305192
7605396532109129827
202538129830036474
6884030319832518410
7427695183923523374
5798173370522379342
2310086117391505013
2398831843075100941
8695259954094048425
1291729340994825504
6679636125066440237
4931262789148613409
1550094026759810248
483146745729031469
9112047344243202448
2804816327547793793
5267423933974057869
4483660021136463869
8190615185491731627
5416939714700741659
536889503203276922
8601555158386797991
7580892791650258623
2536744195100791480
6896071143386486454
196455840908839835
7656701287477283543
4225112809086135049
3574684208627368455
8675436886749244642
2247509453327623338
2895915101772271837
5753830810240003842
5387726881199964923
5362440973558243351
8281019465306559575
4203173551107561362
4919466683630380553
8683888403731548502
3111023611800855631
1161059468254414504
6478596284702937819
6760826564909071324
4501027803962946739
6226878679287107060
9060782725737599531
6455271316606549216
957594295113971119
5840522812460967479
4694917017658113943
6050931279427086765
2559029577130937452
4861462843023702819
5964945325677897164
7691304519664601898
6434315021513384592
7854866834058653767
8281034868341417274
4598523168133349170
7633901648057105664
1573474197780683943
462952762913845673
5525899624135927057
5136305032939886031
1897148662654872543
6132538841933193956
8189844407489488511
4549776525565368731
3593337278550866169
5031786958407856400
1890490381483162626
8185105106068208339
5108213960094309030
3979951706710653102
5951501900690846003
4316609149833978856
2881191027505153396
3237852940149180708
2702427526845353675
2618413654872033521
3653502268136460682
4578956948217877159
2477092741536835208
2298805189997638108
1198818285049860088
2590992242124060566
827917517852400936
7898540307343358745
3168396860264340144
8685162734138339073
632354178968138110
3868727810204404135
8397850198197397173
127267895531256650
9133821561957677860
6161702356855421344
2330987352354483045
7811790894406555736
4747851196955132762
5220737002350755411
4713824562803759494
870994170409104317
182610767127319652
1694626750769552190
6149838682729664405
2758875461675869134
6782682181565514556
8734799899464245102
5119394831362368784
3531265440441972734
5925030276513541316
7594084288865434811
6438943496468736443
6362038863259100273
7752163062965762902
6778241851754093581
736339491777119086
8556442430928764698
442666487150781561
4353471938646141963
5578133550084853424
2701556535093335704
5189901973778832854
5704384101034950958
2619315949422767248
8565017566223038472
8227353854958014586
709350066275817502
6050986597087250042
1822852849441768666
3896033353449881044
8003005784876897523
4967798308137414684
1510906101696166139
1606631061253706821
5594438430465437412
8863340723016457198
1545668297367536701
4458106091667393089
3640353285627169478
7517826920501577113
3108999593215911193
6029686229415616998
910378337650336293
4046756798179313990
625926665485495969
8724454854555092432
6117189794702678269
70710204245692642
1892021979375507978
1164541200287137479
5353106848741818870
8383062836881619903
3327463865376586295
7412783009752084628
3845575791297542631
7841147139810812432
3123425097344148103
4822483817629218419
6878155660874181815
8930634318356733492
8466654038457739631
5715663839478590558
3741442413961433113
2190103678883674771
2044863571888894708
4043607909704008982
2315912597449352073
7941010611825050789
7851953078694312499
6758283603233476515
5239190446214947177
8127707447042272830
6738267914031523221
1375610436883023348
476474867804790979
8945737532691427056
4524143063808222986
1999873420419716703
2059087295787771650
7027277068304679361
7952264324687635640
5365865110782660039
3869748367130708736
7655411680441718512
5531480919526251651
7622327065169609528
1283563681468764212
8678012223999077747
8983583944962124561
7899904499176507755
8788988260641204347
852789300727143901
8078768646343315079
8667817482712330314
3288086113120950448
4112592851538702517
6460057746414353357
5622546644490309126
7440190440084878691
48070790263040460
6313747896528198488
2830203882743531755
4104906525623785131
5751671746921176963
8555969579056753797
730471016346253271
371247825652435530
3207806557585799264
2243760464138215860
1466461021996505251
1869569741224801453
7530034126647844537
1375042109065594700
405735002549795366
2860289623469034840
1625287002803529027
6022044378644586863
6432938865372893414
6687256727213598723
7495443556853329775
2603182305919152727
6267263820395696332
2866643710684416628
6074338728019966363
2191607261395596048
3148870342127379440
4940839372453009998
3526412026282526445
2800352878378542498
2801848283272990849
7703930078269379182
2832478875119126091
8283371859399050734
7148909429192643656
3938456550350258731
5480191954100841745
4171189300679129348
8670841714488426581
5991451274153376847
6583025042087206130
6664314317834974273
7022588891334317051
9210997080353884206
9138738160208933603
8006216343582971152
3515784591136611402
5293195133298488785
7405674174510453946
6830260649827672347
4677595275081001040
5933675792961842972
2463331981456059794
7404249609591002197
2564384446661538641
2033580572451108262
6417575956770312427
3645608769164771774
3802126110961462947
7512500248565183782
1901145763182506027
4098979957543215814
1626219662637737232
8330663021959176258
6912414029344451609
353665829928003859
7815309193540231515
7826414426119759611
944396983637138606
3099905583055284311
6514578018650796823
6625304558705160006
9065180002089188050
2874413803484457892
4725531249952248
8270865840816990347
17286278950041856
6537399732452207477
6294671517647092447
3088579751957659039
2023998611369559250
5973154852067799049
2996802349294221547
3804897394615612356
3381325240698608615
4571063811952727132
3874444030738276064
3914226418075270269
3632819800055032671
2846319844485089377
6742072075865330240
7456301373042075625
4254077719684388950
7524429572813987271
2004345563921477141
1602252268056992170
7683428264314331446
830844300667134059
7759618890848761742
7739773781730468360
3471979630514050122
8995115051598347604
6967789085836547530
4078752283077904750
8025088560669986514
7839642714584092736
3091183176012577206
4251594453595980562
1524981541294528834
8628132316025499199
5721741379854280597
8097652736659339701
4412262723909406352
6891008915942192644
3411165519205924940
1214366394959642758
1753437006322575940
4812597039114564781
179771675783065605
8336974918952354082
551172288777646028
8062044445685831834
5273270787993424774
719032483685023303
2001669554836743471
3783009907540185027
5990239569806597162
5832178890290543769
5836197658674574132
8477100846556508529
1176078784936241535
2953889925411864387
5702848808430675195
7700763140528213784
1954613553823491562
6874941130069154550
8490837898980108965
3662068704432301544
6965749691276723473
592492466865293617
1939963455693756757
78701014728641976
8213433348762525646
7795994890134071349
6094894409506353459
6403139652490237683
5576491522085435619
7116709368569356768
3616336061520745567
1732136936855380678
22093972594373304
5575800408313359758
853641673364045415
8895181132024978743
895035881598896258
2681401790736108637
5356462981816919575
5781349542983374017
7126799228140209458
1799771976375117771
2773953152377943492
8703669767824334724
789647252503315115
8636007545474421429
7877764923923276862
142310394074025605
2611818525460846686
1109201569068652703
3723382502131100386
2706980104627077704
7819421532759532289
7954023788061156910
5309439822706467996
1686823708318717326
8772184970153686350
6976884660763514427
8246432892741600338
3425214921904605810
4676145417563717066
970956718585226586
2255537640244052594
5825096447040886946
1041306682131353528
7484332858002524018
3293307720820738853
8891966480498205966
3310573987679611411
820555401320215448
8956752247634515729
7633059897906432325
2788967869945974565
3505302383246107762
4797829708330046098
2495178463711547953
5446137273357739783
8871309121127011975
4922785379253786272
8267178641570825748
9073528276739910876
6504037257384938718
5309112226969903629
5225161245821493728
8634754479143322813
5144507969351020885
822715643597444350
554139245781898533
64348167608235746
3154430895830752358
46694944145041706
8729336825448805630
7599047270132598112
5335170031588616441
8033673150083467120
4719087583548392923
7683917542491541271
2907476570033234480
4057246091781297995
706520123781644215
7577403609471852575
225430614272787227
740348854204305078
6935379737176484737
5867809240357154003
6271505022577519055
1279855982328284062
2574506584743759955
4552006948283313175
7926975670587558048
7283220842091701700
1660053877538858102
6961076824511252837
8624922669127960705
8631873846727478561
8175255151120795749
1009235719393111276
8547710948198291310
6145618110849399427
5681902823105951569
2962308778740218934
6309864909780676467
3412200722237378250
4651654455457757230
4489574783280906987
213199843192423448
4167507447301055130
635771336270614604
8092263192544830061
469962161527011609
5248317826432487187
6094980769235435514
4237586137845342114
1133603410769851263
3136221314430294868
8147382334946430300
8757238573698115058
2844924976868417329
5352137954053580269
6980674976425148040
7478649388431188966
8288882136541956116
500230916273065083
8014376327844482154
2510197646317518287
4109363606005300777
7611590272153705019
6492848924124023603
8926592560343196028
7548838189916521398
33703992915054227
625329030222832972
5149450312081341046
990858840439832277
8303102284672118683
4017582141215674238
8129041997308057467
8981181814139076330
157431759685262651
8385681257494027378
4579485805634430739
3811998200958865523
4570222342823633739
8741002747777710435
6607641912830139676
388754717125677920
4501562689675765244
8127748755333230528
1377936220234621777
5120297087065242213
5145101235031642891
8392378926068298032
4579698276770975621
5360625108065826048
4778115643980113664
5230514154074044834
6681880582892955258
3630174210373045336
8702062040433624557
4064992512688457184
2451120370851339254
8748954379157339864
2688817280799381232
3452538557122095642
801422092521351068
158330022548471338
1968592122236095259
90798763386181748
6564082571056196208
8017656904482600996
5935510229461214805
9031690401475399963
6971147272700473665
5846581704438105230
5616158965623477097
492987921127597019
1254889628447510250
624366148296549438
7791467924965538409
3625948013924058406
8098699145015399642
6829102174060060828
367066943698443169
5225250297208073097
2955117235098897959
5536354865543653803
1287130120544956147
1065292237909323855
6379520842920624056
1866387602940618010
1562498375504259284
6037769149734894969
3201702087632261969
3542462617369362981
2157986209681417646
7439564800216583766
4944722429373996571
1881234799686637394
1606600219230354523
3033449390176170796
3988018990229759227
6655896539971608536
3730998323191307984
4584958904727863620
1303309194888996191
2742251103047875645
1756289725746962646
7435047088471654437
2890251368882286053
377841428780002610
3823813952724395999
7048340027793732722
826222043606906226
3923164816042085666
8019661353046868172
4489013510901773748
1142113477232246054
8277972250719979494
8130535536657066003
3836414019285818137
6557974512931709330
1751493882272325068
3277388792784778749
2322819462223088812
1083522291801198472
2220664070586794329
2322789972404348945
870400794272887430
267403565307898189
3286302761303894214
4347823500812306522
8176247196735078545
8297079740657816318
8496972157962484825
5259235502405347588
6291786309423003985
7497231927715452358
2289302257915275041
2162546692076423666
7779395696953691015
4312310523292271837
8392430711344094417
5571031470562025803
8871843342140946140
5854405727116122927
3773477172748319768
1155742768035745480
7929822442367591142
1141791450697349446
2593089710614443913
2464709581603235377
2108839996649422544
59017743319867412
7761135961293961576
1873284302539148308
7152927829450594079
6512516166383562038
1337967105317436778
2395876872048774213
230203562841681760
2418920607313169014
1734193242494947879
6031812713608203219
1440303235572484945
5804534774833535940
4843473471601522621
1620046818282427602
8834978312274033726
7185854927163518655
3430706716823587604
5222407793834321476
5907735636060197165
5557649824662031024
8559606149899096396
215085078731230154
4688048203745421168
7752890287193397762
4319198380741476193
8592379335887636083
5268620908950404172
2320097974966346912
3952885978780452116
289585405488292631
3683924349862748907
543572165274976809
4920729273862682455
1121676002724045424
605066308180613525
7219416773539137405
6536724978293961491
1529098799713975956
1095799034466589403
3565340525499077379
6474176598031192835
6321697726428905324
2785690559583903090
8592064413111387782
2294712312558041284
2056014206663718717
5987839841056806529
5373366143292617826
1531532799182276862
4712140032705541339
4757250342604613059
8813987589282918029
1582786490425561926
2277202374560164117
5064803800455883589
6148998454794870261
2073918225336216025
7613882735171313437
2312190116184959490
5189831857622632681
1874282375221383918
3651562003646410982
8195863372471926721
3603474282171389040
5596729273237807448
1951802949960696958
1119584133392986484
7778963068772153036
1266918837742134853
8115089590619849648
7028613233811248733
8155865339927675540
618389100729271938
8724062039945831741
891186415684624013
7796508234386219230
74264899744198255
9217764557128799620
7049600628519795412
8088321023831827220
3496135205362854036
5201920398905819465
1219377488636507859
5369506890880111037
3188122515162872382
9127200175498569191
3614802253034049019
9129192469467781578
4095882430532548364
963393570570720598
5876707351005639585
6287248171964794500
2191247902794302499
781882405082170912
4583106097112120425
2534673745432072112
8448242500150405573
1229044918466714018
3439103262508179137
3742022384532518121
3341612982189343367
2121575788514014779
71599172329184012
4239694160496688857
5934428692054094851
8988538694595007994
658507831266378693
6002720291114324549
8933284129356473049
3797828743253865807
1115305812238353932
2712908039907640903
7882041089736447837
8543191628059381535
8860069211365870571
5946885273132274652
8731343245872892908
4527706416413916724
5509022899690455161
5807990811195354258
5174758795954557916
2201526624451355591
8016538276164668509
7436772097480723797
1873990376097315682
5059866282431386830
8199792115277622687
1377793542016615377
6338196314970220977
3397298227400766479
256409439074355737
932849385642489990
1294887493742705995
7346988649240377221
601063326992081090
2419429736091551541
4880477533088299814
4621770596622338785
6298625030179559904
7325015597169654849
5091553909906534868
1644528197625331926
8242216700935656190
244371481863453421
8294525529969960989
7020986194857153221
8005723751558771805
5948027729265567653
981594062669435712
7665073656618385119
1023806796592258690
3956895130885221269
4206548108399032785
9219974552195384945
8998156749677766409
6876710674918010865
4928715202699644313
1588277501400315960
3348573029420461012
5725532935275018693
3289909871959603582
5888338928651506724
7571221188299214815
1380774940476536138
5438017715424451733
2468160680579348854
3691211653291590569
8778332961948781685
3553577240276893445
3656333653897420783
6691802758972197960
3399664894951262924
3771318408994812662
4210119401385298410
1302977641238756480
7298242027481945648
3508549976175806824
1537123956579150259
2229638053515515044
5911047761988438401
8469258393664694447
582843126825153937
5974144322773718660
1437737229757050947
5501683740524856589
8479032389187257928
6479626576442098516
1706662504972259241
2785535202037491283
3576887685743072559
3588028688679782170
3295740898705832013
2077012711849638602
8119897204882514074
2476047197538733141
4616068872947176232
5256625039477156612
8694061327554056646
3404011578955072403
7358766815891208061
5891436953144327959
7750349605808162062
8572558914920546730
8470844723721627170
1501322564962896252
1085311824849148741
7415999661583815652
2293756326217586712
9178763537309286905
3954771062570313929
8044687124512025192
5597518466413471384
647682566476318230
530526958313956465
7906740366910055423
442132897018210019
2773851840324820386
5089271316588478400
4040117139891241090
1099689573054245330
5061818981088452914
7705665040517602009
4290522345354911922
7867825296184847665
1304012193239547790
2829764826209382933
6012187274306158949
185233533300821529
5732452561643672232
1477462613719045731
7696034576949573712
8559727495484357454
2727333409455523663
5942298198138675959
7397406160430105943
3584706009198755423
5684428536504687715
7243501224637101812
4328829723307987160
366265848076304629
3197190123420643526
7028878701354726218
6568370665828010262
3561390639867845604
2747000747838510518
7166867140090065907
5416950557695023488
1910178414021723273
7566124586815511934
3070602278546002722
6254401575333294592
5063477438193968933
1624322079445039092
2752046874180833168
945840985813438271
1042488604910036016
6824717589925050373
5415082691874754424
78106479020198069
532450312834625347
8356352939133062976
8296487736798538288
7861559973327076918
2099001741044745986
3079129920897897625
5569445783004184580
3659261841478125964
6222124207357729770
4842120130491508603
7158282520245340612
735616205459564737
535009334912724549
4406639610431218520
3683455462024565062
2946832720310554083
2746057863032628290
6804485481803928479
6413780836831463689
1240998459010432753
4468085355114499307
6222837779902431784
6705925084877068254
286303409754175012
7596121145956811061
8541096204629590519
2265744660108349344
5761745298495860016
3899446932235743828
2265625142573360588
1096327890901813756
4281396527823301879
353217882056767920
4530475364957472222
2640389835335670181
2343702000564940072
5402491643543004387
3452185863484030485
8662312224275800156
9097974324934275717
6105375740166294893
618302287477573566
7585012992197958433
4658740204706191883
7027876192022283232
6335184762493165316
8779370373280564986
7015013348557695958
8382688213821140257
3187545998878938261
7797036600641831002
865190839665263471
2972808693198431064
2386550834775078927
1540515993261043930
823073746044867980
1310622684420693741
5130455763598913739
2197950759271531526
4897713955958797319
8842806499098022991
2472998962790527202
8267999199582171175
8360550477492106074
909204960449245826
1331976108454076508
8464434215862829128
5875710197113729319
8603851186249243595
3134667750467511874
3333681863348742593
2982719835542577673
1789832918461314828
3424249958590262837
5257538619672022009
2503057354724140456
812162041827403717
3411548721148604157
7257999410993939254
875085434135972560
6315035225852511005
4565670545318658366
2209473874716418131
8127773957914966591
1782241389917500740
3153174813485739414
1869191973960912195
5746313395881820585
2311057559297811980
1167557110813002689
6737433178015098529
7214722929074878532
7332629709967191784
8365236190229104223
4862298011786969023
9002037556705956473
367082625867514481
4971928654400711659
6085858853346341693
5652908690484232497
4433605949414899767
6433239909692948188
2690309516625351383
4688896293201993488
4077481093091975597
900525342370707957
8883646751772486577
244493351851139106
7432260811481579399
5885912420631277062
6339040399594878307
1283724388556523102
3327643487171403686
2949876881823876890
6403330150595532960
9079507982574364515
6149010598929177610
7450975806853545679
3549512031990666389
2525121433172560357
988519359046137430
739903093651013155
9157841035345325896
8337049432415993247
7090804433933787651
4250753588317498396
7813056035406065773
1980736983999541949
2639160145182388895
1819794249718868633
907666447634528280
4499069131081796850
2586444990185253095
6773575716211332032
571321665765420099
863695949299054586
54562279078279997
5072704013512629111
8905315524710787436
4947208128897662752
7330419715004573837
4857081468840168837
6475959700635660012
9146470047263351110
397863643583169906
1601869032220496606
8013114947399311623
8656226446007615446
2601114020987489256
6657683554941799530
6246918778286954740
6102602112205591499
5063712929672181861
7008780026103385597
6641737756764072539
1562338081871426770
5188061587997116042
1891817881561096118
1910437086813424144
8809120100536646755
2887832755066049679
1537575760970965498
157142216942423179
6874752923727987237
1311230100979844410
2261969485138405847
6228976100458960351
7786074914905913626
3629875199854498089
1074041988261669318
1107741261243757009
5669941694098203518
2054196875074847056
7560949372274854130
8441794106720324809
6840253838038208175
4444562490748715187
2523008868399239102
8647615703520808754
8902692567595385688
261057267796431086
6086383084268855808
6776192732829223312
4887161817833117512
5817093418245152861
2635104500562601569
1782103820655100654
2506001420313994525
7942400762803771880
8113699192763715362
7033906531298077201
6259728454567203216
5950962679679448283
5866540797010437880
2781460145477938443
7292557215097528768
7043565544015909574
7424868668822689418
1818800374084228120
7944464071931738835
7354009922193470861
5473300108938304890
6143034272374188181
7663887760770797290
8967401484953130786
7710532056404051094
8903315512067200366
2454564439600788262
8303299997018895058
3938033803849713075
8989969805940197985
6443250780174157877
3053720520383737495
5474173850339189835
7656698133894401891
1918242439004303284
7291527495079134866
6293116339807383307
5483482221273364612
8598069729696740809
6064466318514286547
1458789141284014106
8756629736963162905
1920390793962274787
2896106175382420201
8039810383712822488
1478610273228429426
5141917817680039736
5241506278337732204
1986595435709370187
4971813230815460905
4167357619894533953
4689513398983410823
6858507431076252557
7721428129720135122
7486614473125861403
590667771603157918
1396513466114613378
8415607391156407003
6185481724156163145
790981976428184679
5442467198790060514
2254721914875797188
579654497597540170
2155805112923074879
5045653795071165804
2342763758181592209
3560446295242745232
5204474630986263568
6971754559022743836
2757776252643251550
2369954828585277234
4152548368052032320
9099120167800092117
7349612682166045355
3118713783485286733
8742684196751372906
8219787269654140292
8101224672446314167
6251971526442746026
8523831845547049387
21276156407397421
1400678694481385254
5130860515944731677
651162751518492115
4901856679998934736
4433834095760483307
8713675289769301619
839136061576172490
5709320536110453222
6341555235701725564
947525007465205115
1627093247452963370
6176755546501823981
522616983381248460
7839573273303400482
3685981767265048907
531988467193855826
170992241962392355
3044900011682947013
6126498682097941521
3175042342169139724
9031494497290429040
2176340750918032268
8962894704602391641
321509198085397871
7186108423837280201
2468768085455962217
3655444075136367955
7315474073571918000
151045525543925140
5015670118500235147
1120844077576697927
5324533983458153532
7915222611900169062
2152973756939902329
529870270253733065
6794127465137299122
8710328413579698661
8433259437640858757
6632869887943455710
5466399517392350175
7820442048755770233
7467382171417525879
3035557741261099281
1401223955589022155
693167133075777000
8326368090502705455
7449161611188431005
4496344118969531853
2243337035426123179
6687375616485693951
3499379227752223779
6133285833384959366
6178557266347278973
4377761432511072855
890352413614984879
2430355281468006161
3184136340879899678
7541636925096628862
841865759792154114
289939327942043428
873259760702488918
965552734520228432
2898859625778695788
8583901879439159932
5824859995555394100
3953523935261694368
6289256289961714090
3158420208574665346
8182572022782772879
4837333200101367156
5620186893487421595
5075530215568393939
1179919437293264364
4630163927637935625
3747722914166361200
7625380638574608106
5486290346437021123
7980878814371207477
612501902122802539
4327667257858034208
1970662455443440847
2435091538063118198
473505823706500335
2326706235560315806
3158425128551198091
8501381218316537757
1617240285177704011
4866909863501254019
2013706928091330840
2047345093573488900
8785302733831963058
5085192971545095477
2567047267851280214
6518403929901477326
7053450128643551765
3586678518048331085
7799713532810117830
5301676275126639770
4184887753738045202
2301195781322268154
2460653558471394980
3418762268114347822
9045018610225855926
6672708286736990225
2602498739650562986
1984034041528990692
118786695459488516
678168799441607846
3952079517382121883
6902678408168075604
3463860920871803968
7405826355471457822
8821564676265982348
1691465140500546252
3710180230182588489
2928373643204766539
5537479634207905226
8553243484030922516
7408433037124441687
3482901936912848159
2695773840568323363
4698903137994498623
682749995308482024
2254106826963707517
7265163898548130310
7946379279029076123
174787269026776979
8429164121581846698
5542858236735109904
408737968464620810
2531970376690249425
8571337998832575465
6385735758700327733
2636373817226491345
4389620235699969928
1381266387672767890
2056651650548531115
3241067324666782809
6030522617414828566
7913548231098654611
3181668381362903334
5662096212290904105
5403953828618082020
3557413311018772366
4874743691780778631
5400052421428728878
2492676354330113218
2582751939773970134
3036556331944208525
4137102436884925494
6166684202558683530
8440283577930142720
2577568743942228333
4034851833096280787
7453626533672966753
1849826687954550840
6676892693656120758
5843680088183534512
6471845451210583235
7117389622948916365
3909599688958253019
5770849503118328321
1978864853414043304
2528886319212934021
7977255670016710065
5771131824795153765
5884821501530183121
571751769213496993
6027040672932682425
5215209963072621653
6157389027963140001
8576933210655731673
2302006285315036328
8360144334404848934
8014397741427522542
6581411453875771526
5799550578798288775
6852646316330301792
4855640066311228337
3085602159859551170
8722679966491022089
8043103154900166360
8823598999759354743
4151561031225215641
401766486845883084
64193122712489963
2372282989962621054
3506439858831694918
6164653965224192177
2808936406367623488
1295940870010008891
8629409457633289675
466171900074338348
8071024280843198301
2149356803942744816
446457934883046911
8123773850146590220
5903434517355655192
3283399837579782923
5560604896715632052
266193209753443986
598239545879922438
1554426155384390606
5339766019000068374
422178769356581919
1733069673011626831
1430171823368594763
7841315842537114397
431125840475229549
169409825081269430
4405590513227729989
6184672564391359188
1300930353067871854
776567922611794556
6980443143829181589
7259668980897683922
5996176560226229425
1709730082894850962
1076504180554879807
5355321722491902710
2056938696515367029
1678276584336034453
2782531630332737589
7527173841476154940
2931034892407326258
6275835866023649801
4322791487712451065
7264383105097423010
7476041946853255187
1566811476120072831
7332466123223312133
6269290787093161921
2609293294959406313
7249102016135026754
4267912463082271753
7680146897998482876
8983114339353348555
3558304474952066000
3352247919862989872
2678103158660364191
5199283002449989417
580519746190480931
2441689345667868209
5489271204137573575
5546557264766046416
6727518656739279795
7704074008181991378
2376441216859404042
3362298052007088055
6756805250157313956
7881736090799400616
7881111059691577409
1004319666826773678
2006928800577466405
3316267971172080679
1227199214675957402
4828381880307740948
9090554509801929953
4697936050718654053
2523957422787827576
2697561098675389185
2436477754414176519
880889609758178729
7039948701305499538
7721933888166366855
2236786397686324781
7960680287311207058
2203406415344061522
2290535049038828510
1225331639221141154
9039799060988297316
3352054838008897927
9221046240803343433
2180533174488813737
1370571843325332328
6904738823275656002
2879831281598153533
6574805990787568623
436757836279712185
6485213174443510385
385226552094642371
6409532270663186525
5646261459001845319
3459369552334882521
7059894118552576497
6328135160921661948
4864661826184418778
8429707591798269334
4071458659897104421
5936714189113107644
1147757762220912559
2022983195272430963
7511005384106981595
7438131282239206670
4838067216341875968
277333303092153183
4217068258168303657
7543872627065178579
2460760127440883366
2750944030411493799
3318938631324037689
1625983053838796201
4330646775904540197
2811530311549277950
5984929263015183765
7732846315514114283
8102964537590702663
8799150168048188696
6293692807997303367
8249530078143372786
5208445346138173937
8283188548924448489
7371579821955522408
8203714710921641436
8707591814029808680
8595736592409771162
9177916740460500141
8249800557758257918
5783990956037993100
4498003826653918527
277633902815515489
6966231062616652221
2767845639589629625
8705454867953989903
4489831275263952838
6450841558879981954
8892510419754125461
2247126266063826493
5812029977251914912
1527564661544794013
2140388523594388420
23385881880700004
8522469035752072065
8194909778674968123
101747742112607644
7892286197690401944
1788686876279317339
7036382797433925806
7601179355880708704
9165007697495373054
7915504438234592079
3305842802073338780
7370316148281818613
1689824185348491125
510345640619865237
3051896910926754785
7940748081925429936
3998791128163183899
5913234197154262858
2122418131649265599
2634052696432818787
1675589692060715304
5908139385284766350
7344541170652096184
3941518959196648310
2269367356649349336
5162110482021545849
2713340815128923191
1136543325438001983
3964323292461816260
1709292398091024018
1528192891125846304
2602448151298344340
8066868660759937088
5013305513408358184
7551031391718991861
8765830429117674442
8759178850565809396
2048521344067994853
7449309543224791372
3019449802181348103
2494868420519757246
3268542502490995913
242513809998768937
7125760152001898124
7363191418549762603
8958043378923258604
2505352321502090401
2148992978305414925
6306645713587117432
7095637558091122228
9051965120532291850
5970097950513135907
929469612094445472
2992816060991177127
7114529289193877430
5422708497194747754
83125448455823640
4408125361478360233
7410085128358045627
3272573179596412765
4168701164454445586
2193622470598436356
6063310072797549186
2358554217463360823
9054360643050872549
926465887988579626
4844216524582431475
7014654425942179437
2763303104760032815
3153563398182230602
1887599300864019700
7498656675311983998
5948140349659231493
6349403810560506848
3053501567607128511
8251207221640230533
4302170032837760311
903261990087170507
5405107627461339565
8929299922104465772
1391129318551595742
2462797895733272965
740156340796940791
2662441182556848967
5045203452792284337
1129169740712067004
4587982558552194592
7396384058139281086
3055012149237448797
5036112786709318493
8175244338311276490
3904038782389476899
6306211550988272960
7586407256843545327
4384657589071971144
2340578789822347857
799594698941298410
5271240054446843385
2980851610158115142
8000803752905478582
3958251946336783015
6046967848419091229
9036529815509663915
329894011345012481
4272021473257211812
8380849955084540833
3500054659318632219
2588539972998502869
2842769850932587971
5702096146298016982
4423466373638820044
6440062092878894586
4656370158807769805
6290562845763931161
4313251067810949171
8519422235400253200
1573906882780531979
1630675292718387101
5829951743354783172
7708926686945100973
1793712495851504021
6253267967796721049
572264572995783156
7833242703565189829
8414098276037605313
174136230937461700
3812330398838642754
5662755188140874476
3494081141621492883
5224700729320110467
430605908408957485
3004656418966509261
9178095358151357052
1797958354374480936
5154598121757320194
7913750998460613006
1237537315217140693
1693235243502007599
5326989393874752744
6343938595894696694
5247042816577741200
91914932824917031
2792471980747179527
4936295655030325171
5729259282078469156
3837416278970054795
2180664080113808584
3805751486820645633
6310008117018545769
2949040324641006309
5807026093377794414
6610610635388698534
8882122525803781845
6420688898148310420
1771372870217691086
2964280047218958990
4154541639289681276
6276563645101387247
2655528742127153124
2602965236767442471
4336414505494838218
6298730711396703485
4825859826044887377
3323341037621960342
8399253957525756713
1389318264681970734
3598258953660368371
8427245168970777118
1214824279416077573
7623251382976809063
4479523571686596398
6453768049041711555
4179393681257333746
5790653062698804773
7969748401065310618
4952113327448965872
171278997272897841
4826571707496870970
6568710406603438581
1300191162113337998
5523378917089705864
3791973491998585247
3909197152425486407
9085970831591175759
7936676150600500649
525229421090698043
4559002949732445109
4720300893893479992
3922322722674670750
219626183737019356
3727937907661790172
4433795525906100972
6259344912722064887
8878240764446688903
1879295150227426919
4538723384189700014
1564180926903721657
3577130848164097651
556398587255892807
2632845734017223871
8097840350169358187
8996217967478925076
919030446627678948
4800600326020637410
6162156603425667003
5503982378734787935
8951129228600087102
5328249209035260823
4181091130521214328
7206747149024238443
8967983724469867317
1722584581904543703
8142615663258501735
6344859878715857954
3131313368654794760
8679982447237769359
5880427296161032212
8348927449472708815
2947811450673568880
4097184858952976626
6475811307048835190
5596691776864334669
6828385791954270644
6567348104396038288
3306061017446201931
9167938422390242166
2003555249067956225
7589869451122187113
5296108696929555533
4847425056497746509
4643774635825998222
229735790932456615
4599465530586598942
4407923479008781276
7447306126255081916
3923765153451708977
333061379266511235
6880038664629192367
7240459929630602810
1142618775394177647
6769144060812926105
1123938126699162866
8990192117618344242
4005363606729146841
3696730776814560950
2396578689720020061
5131477830350024852
6436328974982399285
7953740368271148278
1748302139439172870
8094418587964577555
5653305221319782636
212332951990925703
4938768895930316373
1334531960866570121
3788962747201970753
7874233688905328994
1601275838121709056
7971678015551225281
2042469367408483849
8720395754972384570
1896279149547466594
3951942204979172527
7587237872038875360
1694664464020042549
8178393949879364032
2494492685294663056
8909661883136639856
8953163379838446718
5459070178723205141
8363080988742662306
3301228926253691830
3686212082272905851
2906722152484866160
7878361166448982105
4500321129368066091
1508482870836509799
3728224718852420564
8741405363421589567
49478005593607214
3251232382607942281
5485110606140203147
6270287818223236800
7403742141975281952
869904353053353469
7335362348624857537
8441683505351894599
1358246783675248758
9063720443676448129
7832632151124273398
126933909602899358
8606535668377554633
6225537227904111067
6211315329336935042
904892442367375793
4469498343103717921
8344852929598005380
8867293377780101477
772765254200182269
173437091142679315
5286827686050133401
1463889915642595172
4241554650986219699
8620777485085890292
6649315129414490969
4000405148688016799
2979151046365468663
754888990644638562
5554788175267835097
5823109910969560868
8426547109880069519
4980391202056129757
6119043291422115766
7911004555837708933
410677973359926592
4153488410705590236
6829229661575304725
4764828105224256670
2420038797953030909
8619298691864830638
5058345083543332978
9093066194238834217
2975847662055511345
6539199731852207191
4374682825429417635
8506757754263301068
5175484781544175106
4017612829402408601
6223631568994484280
6254442411867376618
8356315597322991554
6924542521861683694
6294809545647632668
5211417405891553569
2773591628351493575
2021247232634356532
912729875846901189
355741967593325621
8455608821867505153
6056049840576724947
5301229188505242669
8504951280039036656
2414595781707092840
3764474790454368733
4955085547097360062
8447946398524525697
4485417678561736875
5529428131561244936
8866688608178651446
7316909019229006133
5075316434024721086
1897827673994374574
4794708043389532187
2404952812418869574
8993541335145813752
6490754124529869542
1393308327916796646
5464542745987970619
2978765201730055347
5291213745083051049
3735092389188395612
181843837477174880
2206196829153126560
5082076546912616077
5489117120087927162
8777326601454528656
1016589121158102325
5253967941506400792
5144699066010891745
4524434977749807429
6357850648587699839
1915908094532411086
1977669237904930147
2796419689839853877
7927202907246707621
8869453991636646203
7796404237327414493
4802531342798357244
5502644584872575076
3557736355404993178
8414291675815791343
8161773094236171949
6617016738025889121
9053713816927099500
8314900512087334011
8519501327807772030
7628413563685063175
4764938786302819896
311093457120264549
8956419235366660873
768944655753486592
4164066516750058062
8607941863003998880
284242344014860229
9040854362864232742
4031930596741772503
837372654591778380
5378497378522397425
3513215911156490038
1811721988504328618
2256777256229124181
8531498585809778213
2713949652592852639
5567381865387521503
445425537868359385
1948609586434965161
6229858362755669482
534604207480691495
3234435719950532121
1775257619344259701
1311122791373066584
1526345329184391724
8634372527153858111
2207151949151835553
4749220280150759849
7215761190077690358
3591585254513958527
2390944333684346120
7857668281556868068
5028252111686704556
2351872861794245999
7951067984814990383
8944731032689121631
2186131949488189434
5535866551897077951
5554250840379295373
9036987047909207845
6421298629386312962
970860158004166750
6788905042975764563
5187546103438596691
3809256724633104902
7987206391046563136
6456431899720844845
657059236077512825
1469052336184686181
4668230821310441915
4167226487735544193
893355783448767873
7758854118313513059
2094954206313840815
3554318651155231764
4050645416767583972
281455944422191453
4611077113581169364
1398671621387656921
79593585654267443
544586032984751714
5243611487559905661
503322361860200631
640471173238689576
4530562234976920221
1375042566017310383
4117874707497327648
6467153973096762722
6759294396590193266
359005921023857564
5433046345114401786
2350650971837447699
1579295306696437973
1646779269117386917
7042961572718959245
3107697022338296901
8197782472692812499
5194921675700321346
4973651381640582076
367493364815015891
5672605836121394511
8787833199763884856
2938362829048124613
2638779379670569824
2592414474162870195
5451745600590859193
8907616454195580383
9008245367841600658
360492365240433802
4646624825301188497
4788984509703785498
5986188533733996330
2017371594142020058
3413388785495140018
5834644622020711593
4755735875884722541
4649866224040781890
894079855109261800
3332130856696149840
4347882150736830097
1439340214981883614
9109192064990805924
6994921864484789905
4349212426812546026
4393710846108158079
5852634581387206735
3315668329751903728
7066431803579163117
4360557703259589310
2265276434590759984
8379987701165114632
5609867948859755348
5059021348166578288
381649806414726253
3794459844251517078
4637853499646642206
6725018871248072192
7229507236071169348
8921629967654519886
1628531461725344640
6649710593641710254
5766081725951462598
442755389343498475
7058957706690660746
4723706799710330362
2221983727289263727
2757443939575469068
155468646934613128
5418924118555996926
295730633500585149
6615905074582348448
7414176730792605669
8711619102635199456
6707655728248444144
7167913306975020812
7210165724213006759
1781282445054089469
2416628449422202684
2492703843223326803
8446454947106515335
2270286627113116235
272917112150906874
6909267444648464205
8764649001165592396
2490188798736625036
7690400869122349169
2906211206582215533
7551048211160177249
7949553016451035166
8524303927756331315
8882563181818250678
3541093880249776889
2395695714137539010
8101803384813829872
4143698314696338170
2345874081751072219
3642891921202981992
8797771850535418269
6836832007705633630
6173457483372561773
8966518462502287333
3477238957441038503
4268546987752062390
8162168028830089007
1276836691962291343
3862521970934394478
629676120389104588
5310929775074946097
8594835263220010415
3988222242015653639
892351056365533305
9210854125310540756
2174429532271020911
3875806151292684215
1548099934829110997
7065560859305733522
2624733728236566005
2627897099127517013
7473607035504490401
7315993932633074317
2740598371978741723
632177531133652851
8513221582363661082
7954231337963409579
3159955116005327777
2798213484640785539
8116001038055577054
3122474745262172031
5301366850732750736
7495540073989121640
7290513575184673043
8723923796377367531
8500780974653052273
6097052478552596826
3699636700849722661
8199543861281981065
4390382054675510457
8019397091160704551
5552155732966290277
4091441514676051374
8427710593748616294
2707790385359684647
3017902690360326622
4423391303458980475
5286368958746776079
344985242362076504
4347109638993845835
5003176695080679596
6594591454580875036
7411765043495935039
8765269418567552184
7494225301979761639
7322031777498961867
6053364780484444861
6026853090333664936
5847897993845079607
8599039015953735389
2028207874404955551
4497008383796208714
1373562746882017128
3100271511199759139
4617116160381765461
2572790418499508953
2349031534936495998
8902285965132395832
919993778564535335
329720783599953125
8303246455180562715
460600527086868382
4520782787541858248
4898580749264722788
1869737501004284466
4761190041311274267
9052504951311946075
2738972059522259786
3908041647436010502
5894088324872999812
7609843962391118935
7660246077736138292
2226027131193190936
2737396479021212855
3411952439055321121
6980447089393040021
4018909780341886154
5342622137569554106
3882191547466078201
5918080854031014016
7650199982508132331
322973531032272124
5773299973093947410
1279391503041952311
7748259725056558074
1007637530737229255
8464424219232237996
2832702159647192478
8819447870298330435
3706991696534071718
5856026577206670671
3268897080935364447
5787159206882077386
3656947566966245854
4043178557287073603
3585532551070188365
8633383390613623666
8230536032999367668
7538073457007041469
6593514821125818236
1975338883759435041
3762038340459077733
8012793141583227813
6868324069944175733
2325339461570696918
6704292894296259350
7488726497312980677
5103668062016894345
86404510669869463
62583054838502706
1717195497006347049
1501616839828594884
9067989092863240069
2682101718032459341
7469239990510694845
4102577358888048915
433154231721630642
8805336396297104016
3877734590128588943
2586217694130878976
4937332821513047461
6831427070538488975
8241962944881144609
7600626650995539048
2015578417150996407
2983229737704429920
8916901866146279313
288041199919993509
8979694314699004753
609670961368876988
4234613548758445832
358821347233174981
4101387900321133601
5493408445065650331
1136007818722686085
7258996355046728359
5530494310807308288
3539775802679321459
8912199175169589711
811168794023542724
5668984448094462780
5345917206391947447
5050793009110416416
8824534358739598566
3194973003943256245
7601129665314686279
4659013287568729195
6980115351364484524
6696289917845135931
705607301132045433
6115985806064106343
2191351289040055059
4014513608550646446
2693505737305498440
946695741643182191
3830125002631079620
785280194062537692
8779448443019308844
6946746918308175243
2201851029280160329
9104811867998485216
2364529629279386664
4159220330803402067
8484230475866707373
4915918850279141768
6758690692609411624
3817355881318423010
7970216651548456805
2031304517763753226
5240775682397282842
2659210866044184143
8564629215179766155
3234035293326218012
8758494446428510866
8338452756561664660
6834941330759928137
1178710052137452316
3159420362990623177
8818308333467812941
7985784956660994880
6105349006214976552
93200289301767597
1522439975232582780
2203361742765716716
2893025472534700263
6698524463736403891
8687449552964443417
864596538126739223
5834874872245821538
5639708143151990571
3558017789789151049
6385869625042614890
7580226949982885158
7210836684767307811
1509049727392818126
7039296437826113673
1752935256445278775
1841524179880964102
4023585619576679249
2999549379145249184
9041065062500521991
7049435460074499986
3845801598450110287
8646554484422794666
2446595241189798634
7368679112016545901
8434118157447718750
1266430682317738359
3454722429273034565
6348717158239117829
5187831010218486440
1349063675649237881
2547354830964361027
2150024373471450434
6171552740985893436
7923898416709783650
3009148698487746893
560496798577076568
4528606175455517340
3203367980580433127
6187367583580790745
7649904351725659060
5295518704267274427
4983556702234051234
7518082878296427684
7395688452406633237
246947998889562398
2311620143821710381
7550264583733845228
6308167611760355383
2055914720403816837
8467429075695864281
3122831948287872340
4825302799254829867
6442454133734238462
5584605406714275145
7956108970116079917
3764209013027418116
8641112931393415020
4674624383309381496
4679002283390753568
3373650368223430370
262595063044305175
6463539775809181610
8461470524618980780
4162664627502202244
4882785449796517584
1155521086942006808
656488608732656753
956327844540709920
4062926329836241573
4224989012165792494
4589392108333143466
1463118530231137167
458660659445565948
3764556117610935006
9107603141432544703
7036567196371033019
1358653884597260074
6011250546637128978
507042432251687085
4024425445660845611
363248075686306990
5606709562385694120
2473156781876963544
6655711266038341668
8562755488022270527
235882659264814764
6290213977075136330
4554274800430921268
8431678709252900543
684600495069493454
2753194843981184197
7625126385382948622
5691851032610095457
2692417995824292588
3790167016857750824
2202489705547764231
5091335366828044897
9144320553184847295
448086269754673677
9213763071563569966
3163250305630723338
7669797456960882099
1061761556169531606
4236715544682394920
7053745563621736879
2106392540908071029
8159764230148157051
7115709783552975485
7912158166231779084
2124991177691845212
5542929501750341367
3945991593449182032
6337920268128131299
5504246998890960845
7676100340993464851
626358298316645161
8918644275429053914
5024608755260185035
1873578308888410479
5738654686930098115
5755391785476056758
8588885237272176530
5211570074479272864
5854950046666365442
8470247073675445322
8007244855893541664
7085358494747294005
8365561964931757632
139215817807464613
980220815209438000
3907706714115806350
691498752683367954
4988642295336196941
573888562894151223
2384743753006425486
3951558108852976999
1914229978975064246
3160818943222012948
601176319749710440
3741900313810813524
6898217931911743698
8548772653310994624
9119881908398361619
4870159884409515092
678124963878280922
8815609667760716377
6380767358657595988
8636366558959133369
6043831966461994765
7684168340608665794
256068583466804273
4983119218809065889
5212641436925997117
6110977267046856513
8673657552483236735
2060688670209040293
7524052936309626999
9019650131603854772
2242759739632076050
466237747371621842
6279247651398743054
857531355222779452
4413781830208429735
5488992454609706441
4860056989974520441
4986577878895884144
8993669078931667011
606652068899241505
5165269852927360973
2623577108831960338
6897886990125542507
7706185402534457018
7098079549469520577
2261249260690110312
6895327475495430028
8913413322243318068
7608303897977149907
4025399622321046560
131776612187259473
1536059799579199200
5824330750193896196
7847997965699234331
6725552688050008326
4964820053487038347
3004941529266477799
7963028969008299163
3774160233739959618
3691249477543635042
5672129530479203652
4560232300180555494
8643529619130581619
6453872641393310579
7700104681443590072
8741686472904207345
2314360971250556929
2370465851409164010
4733591018122191612
506621739782295839
1753113829089217486
4597107351005661000
2619268151510361293
7114848987213420073
88186428496299837
8521518622445062209
340963247949114287
3138251650173792031
7153063027022748437
551386911082142053
2925493544774478206
6993688889053850728
5085106519711208751
1878485226190329919
2218640070981401226
7805682108501191181
1813954406121001429
1580639790621955337
6416461350286267764
9104657438298016083
9219607987668781251
2521451639649365320
1906421800901945847
6314941028285710886
1256376567071928795
4533551060046506756
198468492277317709
6709679380710727058
5663124242504242950
7369941681493557435
6187351082064361392
8142743988021448576
430190054997533073
4266797105887100893
8848403201879842553
2161431406453221527
1838426864865790051
8259532912748295415
8572225183999795579
8663863024126397191
89042735982945775
2192879451671988596
8718022903531534398
5389667832024787403
5834595972116235319
152944546657379737
5647888092605040598
1766304838787024178
5542949216638356095
3677204669525820332
1083229957742300631
2093292755218371739
2159040444925218105
4294258372656942032
971821865722585948
2513158818312782440
2765931770922427657
7329707889821705104
7206255732632547644
3253113883077793626
5802853963790465183
1679633811793386944
8686520572044789240
9177642306900434834
948449482955344326
7894135042676848056
3232954543445004740
1732610556646257052
7198171840738675484
8392768471613479981
2430418528940296127
6098362791415462551
5805759011630019355
7114847513835658159
5528821862491776779
9149026035775753085
5101632605371525788
7058643162595218017
9125824710408962042
1471470487133668032
5002695534225475876
7030019650662991914
4057214515726624941
7724761847079427338
2468393735336130805
506161641563626588
4342662645618235763
1919768237663236459
6517752177069570209
6129351530945477253
1645244381080557537
2725745797042331279
6276761398659273895
6907994976662021001
3393374079492772930
8426083944111668484
8866829685707214966
2325998155623065522
3699731969837129433
7344894285976259078
4803022566372844792
2532592264192762990
3770951920326772080
7686099405943258990
3499447931543423164
7808708535645580166
3066214683297051184
7757232498390628086
946151867659920568
3565490668737338712
8031218785336625108
8942949100026536095
8314511732183922389
4468036009881966701
792583030427615916
4098800817725626015
2661018829249135629
8613253078929844392
8492613512644387941
6395471515904306743
4038799950940350888
3147272181776537826
8992542475895654175
2928169425477982415
719889533527218894
3124323669225650997
4562967151136413343
8339348525745801889
4689077699742493960
704330518965600102
1137716006288814441
1967656029521025317
6285271897191700656
6381215013667250007
2121331902762365216
2368000777615284151
6526289338012854308
3090538595607555129
5382357971736481475
2808390762148133903
7777423273077638970
5023409408802463172
6464023069744310348
7309976535865992552
2461680706797304735
1420043557354614591
140557513563713057
7815649697361715577
2384034210869538520
6028975254825322747
3957661956278075156
7187302218934189716
5585766219097797590
7108025583212360751
2534641332404248203
7945839216041884662
4915530103826781790
1385780066348471190
731900602529399941
1207820729953883075
6469244788510189106
588115868110595262
12395633196474548
3385105059101625670
5816206596722523687
3187087585109282532
5956890273865725583
5030471064497101744
1080690635968511410
537661938246109251
6336389893806776609
5194495203389613937
7042478208533969363
6514484162873030182
4507198791254506884
370455849422072919
3467445696906358238
6604816656038269100
361233967323405620
7230401597538109573
8939534406348671562
3883041991805389424
4228600223817890819
3153192666583985727
440520332347842544
2806145000949133547
3024881739878891934
665342450594693343
170822904030068147
7334654209240254591
2558426177878469429
2126502095376908614
1494752101340638041
7588914437395577357
5645257217009483403
5685950313101464519
6873410256567296608
4704545621488009737
5422194655990647080
1178100613419509213
9114204016874499884
2044103399929734615
1041420948515778996
6084204684990608280
8903954266030151127
4674787918919502039
86370252028283368
4365561040066603037
7859066084439395546
7348613440250639095
3687781364823626265
4432161994161939789
4103036954162612643
5968444450629642918
4214024610226229752
7928232084098090529
1555548414686811426
570035759094802775
6431331485095770532
1968246823421203519
4209111669263229591
8294746525541112936
1239438746347099650
7589548117301743879
3182706992459980762
2077757405368862942
4372766258453035103
6151295224523105701
1734567435006709418
28611065156996427
4240617849815680783
211510190524177385
5800489530261435155
7788254647089325688
8758787872616200079
3471454488009491213
1102449174070607752
2860532318085764179
2863091279071923818
3774955151128251052
2886854839952465810
4573753753702072133
7868337963442270815
205095595004063056
2455130084821443489
1524336354660945010
5507905490128903373
6344765866776984545
185098059525881776
4224579472320739306
6083290935912127530
6148978440768048343
7715506385176652962
1109720395846381576
6885231161363913944
104370300754766530
4926644055841398016
2226737717055955427
8616826112647250228
361530225561705714
2879088303043341562
5867538738423305525
5133175184473837211
8031040260457752832
161362666235284732
2407624227127855085
6855460780862500768
6197539595038040445
7872216975480704587
6473106383744136032
2923838000354099634
9014712162261491435
9177007671618855147
8858877439883672899
351271167425909694
1498991415357501847
6876156182398310236
773900011685129311
5989851114019594455
448492169760643887
6795948297842625774
738263197183508893
6704903793461971676
1424068737530368470
7112012261232967011
6775059698215543226
8732525049468199886
9089821704502482224
7402996134726043188
5178506915223437368
8458219319481372418
6285852947061307888
3903612337712697428
5455094791589596341
4160397427655695748
4599244193653629370
6852887473079634447
4516431397941484301
874239458829413936
3658193488912466078
433013631064557389
5575202976275134146
4012576638604035440
2499817875225501406
991081566125403928
562878156804502686
202494054330122964
5265594874770732704
1071417124829030388
5099984446419272148
1774722636819071643
6818851274799724727
1544631582029003812
7790172055262430354
4593363943870096849
6834054534498547895
5757194039237566603
5214669434853589440
773850867451572130
5803042466944090870
2513472817803609789
179275881183273974
480606999514703860
2568685306965016935
4001181935523388656
5524965855473839336
288872240438969050
7638286529766005727
8350697404365315545
3105301696857106918
2278018150229683773
3143139514870630750
8710288148476946273
659859804498060535
7916105592399691614
6512448333398143523
3641260345137956859
6300732510106178771
9207061898046895207
2717241940983198334
7662495786620801109
1294295906544813422
8074965124024120997
2972181991270871006
5623748917966767942
468470741603053672
6758934189468851955
4930930499495496930
7257734663067100824
5795579029162217128
4645899959328359524
4483297604722114143
6689394955214348490
2989925390725679087
4316181809321593029
289684123050417523
1007121187374115267
8906297402395804763
3612925751883281610
3599736444279990832
8015089497445158981
8047774110421722260
1695958725097731634
396525623712014284
8011809189510766679
8131788264943581252
2369760310952383247
3698618912715673469
1189467377997541949
8556167006560969726
6087282032841015959
432210200339420699
456222456567739244
1373224903160614195
5212740304978267894
2400381280549686849
4963648545413388933
842437098377947249
8488348722863482772
1765987446998392292
7512783879659769536
2491482353079213158
6812437754527440395
6159566761970966390
3361162346892743001
3780158568747710005
2842525101048629288
611483986984592265
7090303018243583576
1806524660080807816
5642627475958256399
7965742652983887662
7450882794087721100
4071032636245051067
7879118972369140388
4916315698424282465
5081260814350461909
7607468247501459608
8373396747131005055
1795758838412000060
3922621244758238228
4066910161496044640
1861224605668341300
5266331492269849729
6660985271050080943
2319632537133749209
5302267391294080939
8419388777161608970
5801669241084652016
6618409192148679742
3982060147208014759
8002660863646256849
3482933704341778874
8607047558593398730
3796890680290793962
3675735727175535429
1565126196583407358
706861627192014287
7731750303897249453
6353660099492791136
6944531274993851080
2885250159524419440
8751936130716688351
3887553695112787690
6430753063139974228
2679324248179824135
8064994311246759332
4270160329819767661
4882675724640910405
3021746606960395594
7888813051971883586
4785655079611485899
3461422327007592040
8089268067182143257
5429858135254937247
3063919881411891830
978852848927985192
1462023930841079246
5857992247825098608
5348773829889386067
4697554328718521278
4055096256894079697
47656901425007593
4141641464395725339
1102315319478409250
3332066194853097593
356717059523557300
2125187079775570916
1826101866020285900
4517232957720281000
5117072531362650156
5330683341188830727
8916252531359186303
3898686522686575027
2718378127401750943
1511511607824318646
3086913482454339262
5194115548227114710
8122170106825851544
6983694724628173175
4186712763999915256
8470489110448579983
785453737258235739
2199514387524065345
8199181328991393364
9172689357498820316
1131155300944928993
4568119097301916639
6184232402312358920
818832461583585667
4874224353322417505
5910890540781230740
6417924304971546337
5574572142627338817
5165181621782810230
8371025131942623956
1793927912326567040
3731104633659909632
6416872260592951767
4056756598217258517
8423695549771376040
246056133340593466
6795020057537192454
3435293117010169409
3221727809135230363
5587916654761569843
3805000815814294618
1088445595468279071
6449816661873456918
586490548708288285
5652265086681750925
5710663755179378974
6921811043054843840
2686848117309058736
1555473897804691179
6795504388411441897
8215782105517836685
8497960601552492168
6614488169714269697
3980628325360069100
1075470551733139219
1111417848662863245
1345420579124614032
502615016954419102
7917612063213877637
7528606654829114258
5787983205581949481
5084603819334080020
6227760363773818980
735143322156009190
908486678538382537
9064420370345303894
6446742010237369015
4227243562961714259
6811405637608029495
3365071750468712040
3213375081833050715
1481257849014354398
5170752533196874607
1066263156435424063
2615536369478936498
6003194620180837758
7963739825141037553
3328674115506976838
9159863078398337850
7389890422259326184
4597589682043409463
4802267925735110979
9026338207938646648
1731596972283294668
9154656218334557849
1309165486193880107
8400884506600071462
4341660673410249819
5644072326464567582
6853449906891158466
1946727486083399456
5987718881031751968
4559441708012578021
5789788211988384128
6825636372232456464
5262564844227538186
5965632707850420514
4452308581174791197
2587237921462340744
400054758846867027
2663104173163874254
8449909739338079362
3832635138440035743
7505047716201564839
5860138581464482736
598932787412304172
8949328065810769535
8503483109708068636
8318315555492483534
473333152526353691
3550684163200569965
1935351778472910609
7986359874824395631
3454787779341982265
2514322299046893905
6493001462184020797
2787683958839989755
2778225325376682731
961468285410966228
1536334379289511400
1971643840508564812
6900069661574196957
5498398569076348526
5687507368500181077
5719581195888568162
3200194197321947097
8471761956472271920
7839998264365197920
5941378892233555351
7106104620707679112
3007029533452622965
8810249866156628961
6356592794222206441
6097070804681077320
1800454273843055531
2576295159037536863
3452969011464684543
8851371464031090928
6878838765608373923
409698194672503359
6006439756169488235
4824372583300736161
4681760910725946094
7236575924813358526
5994095675446409183
961603092814892590
939743367019946839
7661593464744786929
5064026279151504613
5802945915238151904
4467263154980464328
5260022133767239172
4082578516061203120
2770878207529927420
4397650543285464581
4941023806055739369
957838262867900597
7296739288777205549
3570623889225162334
7360311561458161539
5990408847484709878
4779350100052566745
7604982834029911966
6044941992695676928
738276183122714504
8699492797256013159
8877682315329621061
7381581068882209285
7158746111665659236
5494991777634557929
48379552039965888
7119784983243510755
8271208985371235700
5141444779461222868
1865117501096993149
5220901428298568431
5843023994806775946
675307912882215640
5695801714452775470
8825266003915475624
5754615839242983150
4917936310007223936
7211392619242908329
8923100724040055513
1247821850050281516
9038273345655785042
5913759461518371724
8656780505255980902
5837946767452944425
743666709965458991
4070859400982346928
4528858451265080702
7398960567552296273
7766788695788248512
2922187219102052855
5890179483744890599
6342503183975409160
5674075570682887722
3783986072713684748
660263867545192298
1563709450809157892
7247608567598219875
1071476189251268357
3678146868138432555
7194605105468960278
3561282240776353777
7248484644044550775
5414019848652844793
1943417761144213466
3567595671268352578
8297842027267226114
848807973613820604
4702100862203564464
5294448751351847073
3261587775290671159
5471064752768495065
7941890171525238563
584253397461526392
6047802293934059023
6683592318017571471
6682942644221093701
5013808263378468050
6267590735668134350
2113090599315814338
9077214159650345762
631692939145948705
1117794023440488213
5169666864881343724
7501581948700899794
7916606002767613353
2700969263308653525
5110030194587225414
3627232532872704708
3655481158271676599
7904121180774684097
6008350560666540738
5537709188073167237
6026753084497022198
1755685286837553447
1499367075162978219
5227858891953913358
8880027061575851220
2518203145102327966
7707943783599777771
7184270606329923946
4005369228380603033
7082194830719891479
8617610030893066298
3017923377297927292
1756785047645318432
5271178314295804047
7616208962315884206
6014384262919567107
7299769080066167324
8687226481876641465
2279837084374293532
5457348227755659157
1884093305123682495
3209673229258079989
8396274170892441083
396363081310691414
6031992260333999856
5358623385449180987
1988052987708972389
86560206391093203
1782489484840076743
5862086915807645003
7147173059320296600
8357887742222993295
660189977050861311
3396755813438969431
1608934270319654793
610489714016175630
8847907621845908178
249399324480248908
3614697243240804579
8059908121224892292
1004592099277311311
7713635834430590453
4678204871550531702
5305084053252488658
1523679476220806296
6626161353185333744
2255135999428590030
1826245473252863790
6777148822838768805
8730256073068810903
2686855543961825614
5485306299535975278
1110090618406197883
8701047308335540445
906774911942261803
6700662107492903041
5013243357247863572
5800996694410090050
3050116918789848108
1033131829779127068
450139371247053764
7513054047594150225
202852912461849189
1723056346962544264
3159079708615546923
1410347710299369779
2158767736046008355
2054781338452840803
7817238420712259333
3114015444244064217
6584467445672608433
2115092848531021721
3255092733286344268
2192773477642723511
6712253844097687536
814896469346221999
9189900229096498603
1333091196036292512
7805699133791969110
7086215896996465287
5662206391428066574
7957384716390576247
6415915433539031089
6982040252824331307
2948146510867690482
1709095316292451342
1621855551170013826
5472193554279282092
4056452755730766878
145244078220879822
20647188988273497
179271385908864260
8857480299864293267
22161827255618455
8331858638457243776
8441427455801239311
608680060232364028
6833357506478639636
4296977451512160904
5988028370019454606
8733117875833129216
2150082364002292189
7851438045226744814
4034894045172754635
5447032918148331425
5058637159859489730
3124726772784106326
4067512620555992298
7502235757005607635
1260290894293832233
4312566894527901688
5059849452825081209
6823327521084456052
1022170036050587153
3005549292140703565
411009985454491705
2667310528942897269
6866290742332623237
4174305072500837547
3004053724271702385
441096093357968902
7035404345752066160
4289536182507659332
1053763485143647368
5847496798461090479
5596065280530749428
3938237014927414965
7036482900309480220
6966917146428071462
3772516593311734086
8315576712463455554
8501722899234049401
8608019040390527890
2377516569327001492
7299849661087707349
926482048282063961
3045486906887129467
906538205046118679
2715339233242549681
7263787470125140029
6165529903580364227
8851253099720017018
3065445911017146447
2937368908441335383
3936920169997606605
2692290383872006014
3107971002319432963
8020342311951368405
5896922721275301737
7566276999348115655
4516704764431386889
3823136780580171648
2907038459133631516
4436659300917097700
8643668622246177966
4576367596426469788
6218118322265515140
721419943144989193
7936831764899901800
4787960820283068852
7561417296935121403
6810081393047059213
202155787616460055
5420671436734651979
8334683112963488929
7224913324150966582
9047814323620471344
8225116829741309882
8319337208183055580
2295576188043364577
3308467913690128833
2634279383719926137
2270681559220809610
8347186751395108166
8051947492866266527
9092826306171181960
1003609756825898888
6761203854635914956
2119801486683470459
5184211128224496224
6795496986625928548
6159736018434144804
2056202811869826355
6659507169259002827
689651983012209649
3734523532139871922
4406495375101584119
3393734550802823242
7405467522089074007
6356344014011428499
3528271922162164588
7945998352602719281
3485416237567522212
8661465770347465525
7917570018805059934
3595096429117730929
957522847692051136
2099271961191986197
5407611268256123196
4847936435179833563
5669468084469349958
3915405925016646644
7470923359629467465
4808488003803332120
2129082148532452046
5646633944691610132
1122581078281898138
8137831614400292385
678429545386625826
3219404913136972195
7057177147475726371
7680869020189739094
4114325382674141676
5692648063904184054
6315501352518400148
3925933653154218696
3117317985565060636
2781077224472709999
5946362599158426960
4804763387333326539
5950639208869848914
4669856201376007543
4706871489461023765
3474992025537255430
7651173506870531024
4483560917313906172
2709409396229288816
8580184775462091877
2827623626573808087
4608420317653997104
4584104373679738560
1779107363160080578
6954132266600862611
335171409363148567
7002141406992504078
3567090513251522056
2460410502123406521
2337180350057718456
3799051983272167036
5302353880060200089
8223090622633295327
6718210407383868324
2890134343141583293
6660584845073432815
4136819757384085784
1766757882976174359
1014162975289972832
6395758023284241734
928202170688454495
2096965355751948610
4666900848867249588
7087124687425797475
2802197200818027784
7839312429334046282
3430858888671668340
1667302872128179901
1866755085809574187
4668773181033046759
9108055152885221844
8714465055747650952
4178356491770854656
8849160697005058204
2450974360745394320
172150952898429899
1923359358294275981
4703767952485819396
4812863036218281919
6531283553197181218
8661550969900645174
1021448480126623193
6125630468618598540
2556279760137128173
6102437694483987389
3582529291629649753
8739454630520804011
4012982156988487148
2711178887112455531
2643398795601662659
5191457624927675919
6503008352646919904
9157644625460578291
9048454152440504292
4558406015994255680
835277886458685026
5221711700478682159
2266226396839751659
7834873409863411799
79820797675358486
628201606649945086
4576835827714108543
3964765770879334291
2373825641551195728
3345635496886943270
2967083560284780046
7462043585402846121
9058893293654050972
1595930318810868366
1098527001750534567
7319995902151857413
5019675895876240257
3548845259978150530
3017184138632041599
6274205963486871398
4015208349810269357
402183720402563332
2654477057279754311
7501433577746134513
8884627962320413221
5861148937140133491
879153381173977015
7083328662956933903
8794920390481713580
1003585883488009873
164269335478088138
5762137212183220225
8298712910703053163
2697429273776821460
7887736241868572404
7431453164970510273
8329691001270922943
1384088338961329019
6221029142990354812
4211480917872945025
2933813631755399215
1359057004030823747
8760507029727429831
6807796601440706711
4233244860341631185
8928746631633378576
2677668900785359697
2038975999642053818
7973716263324649493
4732930497821291159
1751318854586635587
5843967798129851043
6546712802082005226
5677601906661388728
5478908899514805946
3570520872659783624
355123074705551245
3922240990744686267
7891614881881037305
2726114133309849111
8290376295336713275
8373292222102855419
4639184759721372583
5491128248215519571
3586543483716114893
4973285845207768960
2671043845218858139
81032998760416468
7980686657019008570
8759716023152708132
6381005179219364566
7612055425814380163
3841577328585026473
3345147933613659797
4230042157502271221
490772434850877715
750218864637643854
7173959162797285355
1681387182537516439
4227867291207611421
4419552760711876573
1209945494053867841
2880353117678657197
7902900977688487712
3393053158743209589
1706782373839133109
3328714745990856555
6609097025599844673
6547131926628675147
9003491739982489710
8071351947367190175
4468694641688245869
791001750281982586
5217284710947405615
6005880030675033705
8448998488053279126
5646198792489861059
535719026562326379
5509163034674878550
7584841114405189621
9137237398917787431
2322206488197219991
2569105606690846263
965527892822901435
8075204306369401459
58768779547549562
3180129008491483828
1755511332318593147
1899317219541286548
3796621341904423232
967245362650876473
8865696454812578569
3850602014018760885
222384073539628038
1012778014271549913
8590890674846527444
3496652362998961268
2097687843183423842
2666057921492333678
1597648518320790884
1076015487845081956
4201536003551990978
8987693669727588872
6767791679734297918
415896401956122598
1393965042526550325
6950245048905183728
6174805070034441650
8741934565813914124
5066848930622965548
4824195840678627187
2533663699145531234
776229093030489265
128104461495955495
4500775353426292922
7567084024364428036
2433140729903351696
2120735406400584398
4960259705808591495
1580459744735321799
5230487899806315785
1909035995608910921
5648148105523178747
2073582586602295476
4506179989532003962
5354623033792065939
8080964134008533944
4333504206086107282
6605914411207893792
3728778598179292505
8122324601990007625
2070774766986328928
1904805872469586912
154023909925471985
4667597728192389323
3468729253359559679
3334662036174698276
1136959101600515790
505892698100281794
6332030719831114815
6924674499783366090
1114894215459626039
6166394907951184059
156896407343248246
631939936938956675
3122982147515735748
1055099623508473464
4451307348454516599
7079840004765683009
4722527082897138319
5471911406827347099
2901809354195985302
782594704075256336
1100088726427860947
7261032258778990999
1306876408482375444
1077138541615636598
5832249571665068505
6654290978961426622
7419455064714867421
8565471914641261216
5290515622143280649
4922278932824435941
9037155799085103266
3163211807327975270
2554074468905259679
4599952966424893861
6834164102584937313
1966673793823780045
8379773940908960475
2782259253610105074
3389031060465182987
9208401767698087878
3929110452066117983
2068276614661124251
2489939955160018644
6516943427067253753
2706751753434553841
3323076907344258039
550663841522751236
297989641224975413
4407523018616958489
6730465804604933849
1200444817954558494
8966113576267611970
3832238778688369636
8339358196063299363
5455603743091097520
2364062776989340167
5998302871635535482
1223336283793642632
